00000000110110001000010001001000010000000000000100011010000001010000100000001100
01101001000000001110001001000000000000100000110011011100001111010000010110011000
00110000000000100000000100100010100000000000000010000001100000000001001101100110
00010101000100000000000001110000010011000011001001001001110000010001000000000110
01001000000001001010000010100100000000110010001101000000001011001111000000000011
10101000100000010110000000000000010011111011101101011001100000100010100100110100
00111100111010010000001001011000001110000100101000000001001000001010001111001000
00110100000011000100000100000000000111010101000000000100000010110000010001111110
00001010110000000100010010010000000000000100111010010000000000000001101001000000
00001101101000010100000101110011000001101110010010111010010000000000001001000011
00110100000110001010011101100000001101100000000000110001000010010100001000000010
00110000010010010000010000000000001101000010000010001000101101010111001111000000
01000011100010011010011111000111011010001011101100100011100010000000000010011010
00010000000000001000010110010100001000110011100010100101000011110011100000001000
11101010000000111001011001001000001000000010000100010111011100010110000010010110
00001100100001001111000011000110000000100100001110001100010110000100010010001000
00000001000100001001111001010010111110000100010001000000001100111000011111000001
00001000000000001000010000010010000001010000001001010101000000101000000010000010
10001000000100011110000001000000001011000000100001000100000000011001000110000001
00001000010011000110111001000000011010101100001001001011010000000100111110000000
01100100001100001100100000000000001000100001000101000010000000010000110010010101
00000001000010000000001100101100100000000010010100001000111001000011000000001010
01000000011000100001000000011000001101000010000000010100000000000001000011100001
00001000010100010011001000000000000000100000001010111101000100000100010000000011
00010010100000110011111001001101110000000110000000000111001100110011011100101110
01000010001100100000000100111000000010010001000101000100011100010000010110110000
00110011000110000101001000000000000101000001000100000101000101010100111000000001
00100001000100100101111000000001110000100101100000000001010000010100101001110000
11010001010011000100000110000101001000100000000100101111001101010100010001011000
00001100100000000100010010101100100010010010101000011001000000100011010010111000
00000110000010010101001000001000000000001000001100001110100100010000000000000100
00101011000100000000100000001100001100110011000010000000000000001110010001000001
01000100000100000100000100100100000100000100100000000001010101010000001001100100
00010011000001110000100100000000100000101010001011000000110000000010101010010100
10011011110100000100000001101000111001001011111000011010000100010000000000000100
00000000000100001100000001100001000111000000001000011001010000000001000100001101
00000001110010111100101010011100000000000000000100010000000000010000100100100000
01100000000011001100100010110011100000011000011000010111010100111010000000000011
01110110101011000001100100000010000001100000010011000001110010000000000010000011
00010001000101110101000010000000000011010001000000010000100111010001000000101010
00000100110100111000000001011000101011100000111000000000100000011100101010100000
00101000000000100101101100000010110100001100000010010100000000000000000000110010
10000010000011110000100000100100100001001000101101100001100010000000010000000011
00100110011010000001100100101000000101000110000100000010100011000000010000001000
10001000001101001000010110011100001001010000101011001010000101000100000000001010
00100100010000000100000000110001000000001100001110111010000101010100001011001000
00011001010100000010110001101100110000100100000001100100001101001011000001110010
01000001101000100110100001101100000001000011010001010110111111000000101100000000
00000011111100001010000100001100001011000010000010000000001010000100000000100010
00110000110000010000000000010001000000100001000000001000110111000000101001001111
11100011001000010000100010000000001000110100100001000010100001111011001000000000
01100000010000011000100011000100001000001000000100100010010000001001000110000001
00010110100010000100000010000011001110011100001010011000011100011110100000010101
00000110010011000011000001100010001100000000011000000101000001100110010100010100
00000001011100001001000100100000001001100010001100010110110010010000100101000000
00000000110000100000100100010000001110000001101110001011000001001000100001101011
01000010000001001001000011001000100001101110110010000000100000101000001000000100
00000001010001110111001010000000000010110000000010010000011000000000100000111011
00000000100110010110100100000000010111000001000010000000000000000001000100010111
00000000000000100101000000000000000001110100001000010100000011000001110000001111
11000101010010010000000011001010010000001111100000001100000001010110000001000001
11010100100000001101100100000010110011000001100010100001000100100000000100010001
10001000000001000100001100000000110000111000001100010001101110000100101000010111
00000111010000010101000101000110000100100100100100000000110000100000000100101010
01101100100000000000000001001001000000110110001000000110101001100010000010101000
00011000100110100011100000110000000011110000000100100000100100100110000000011010
00100100010110100000110000000100101000000101000000110000010010001001011000000100
00010001000100101100000110100100001000000011101000010000000000000010000100001100
00000001000001001110010000101000001001110000101001011000100000100000011000111011
00110000000100100000010100101000000011100100001100010001001001010100010010000010
01000100000000110001001000111111000000000000010001100001000000010111001000001000
01011001110001100100100000100000001000101000001011100000001000011010101010100000
00000000011100000110000010000000111000100011000111101011000100000000101001101000
00100100000100000100010010000000110110100001000000000011010000000000000011000010
00000010101101010001111001010101010110010100100110110110000010011100000001110010
00110001000001011000001000000110000101000000010110010011000000111000000001100001
00100001111000000000000111000000110010001000000011010001011000000000100100001000
00010100110100001010101101010100000010100011000000000000001000000011000111111010
00011101000100001000101101000000101000101110000000000011100011001000000010110000
00010111110000010000000100110101110010010111000000101000101001000110000010101010
